"x"
"g1164"
"g1309"
"g1704"
"g1958"
"g2051"
"g2509"
"g2572"
"g2711"
"g2857"
"g2917"
"g2936"
"g3088"
"g3186"
"g3255"
"g3546"
"g4060"
"g4366"
"g4407"
"g4414"
"g4440"
"g4473"
"g4686"
"g4738"
"g4779"
"g4828"
"g4867"
"g5550"
"g5650"
"g6297"
"g6707"
"g7108"
"g7357"
"g7408"
"g7457"
"g7509"
"g7557"
"g7854"
"g7881"
"g8058"
"g8241"
"g8375"
"g8779"
"g9224"
"g9383"
"g9408"
"g9700"
"g9769"
"g9770"
"g9779"
"g9898"
